4.000000000000000000e+01
4.000000000000000000e+01
4.000000000000000000e+01
4.000000000000000000e+01
4.000000000000000000e+01
4.000000000000000000e+01
4.000000000000000000e+01
4.000000000000000000e+01
4.000000000000000000e+01
4.000000000000000000e+01
4.000000000000000000e+01
4.000000000000000000e+01
4.000000000000000000e+01
4.000000000000000000e+01
4.000000000000000000e+01
4.000000000000000000e+01
4.000000000000000000e+01
4.000000000000000000e+01
4.000000000000000000e+01
4.000000000000000000e+01
4.000000000000000000e+01
4.000000000000000000e+01
4.000000000000000000e+01
4.000000000000000000e+01
4.000000000000000000e+01
4.000000000000000000e+01
4.000000000000000000e+01
4.000000000000000000e+01
4.000000000000000000e+01
4.000000000000000000e+01
4.000000000000000000e+01
4.000000000000000000e+01
4.025000000000000000e+01
4.025000000000000000e+01
4.025000000000000000e+01
4.025000000000000000e+01
4.025000000000000000e+01
4.025000000000000000e+01
4.025000000000000000e+01
4.025000000000000000e+01
4.025000000000000000e+01
4.025000000000000000e+01
4.025000000000000000e+01
4.025000000000000000e+01
4.025000000000000000e+01
4.025000000000000000e+01
4.025000000000000000e+01
4.025000000000000000e+01
4.025000000000000000e+01
4.025000000000000000e+01
4.025000000000000000e+01
4.025000000000000000e+01
4.025000000000000000e+01
4.025000000000000000e+01
4.025000000000000000e+01
4.025000000000000000e+01
4.025000000000000000e+01
4.025000000000000000e+01
4.025000000000000000e+01
4.025000000000000000e+01
4.025000000000000000e+01
4.025000000000000000e+01
4.025000000000000000e+01
4.050000000000000000e+01
4.050000000000000000e+01
4.050000000000000000e+01
4.050000000000000000e+01
4.050000000000000000e+01
4.050000000000000000e+01
4.050000000000000000e+01
4.050000000000000000e+01
4.050000000000000000e+01
4.050000000000000000e+01
4.050000000000000000e+01
4.050000000000000000e+01
4.050000000000000000e+01
4.050000000000000000e+01
4.050000000000000000e+01
4.050000000000000000e+01
4.050000000000000000e+01
4.050000000000000000e+01
4.050000000000000000e+01
4.050000000000000000e+01
4.050000000000000000e+01
4.050000000000000000e+01
4.050000000000000000e+01
4.050000000000000000e+01
4.050000000000000000e+01
4.050000000000000000e+01
4.050000000000000000e+01
4.075000000000000000e+01
4.075000000000000000e+01
4.075000000000000000e+01
4.075000000000000000e+01
4.075000000000000000e+01
4.075000000000000000e+01
4.075000000000000000e+01
4.075000000000000000e+01
4.075000000000000000e+01
4.075000000000000000e+01
4.075000000000000000e+01
4.075000000000000000e+01
4.075000000000000000e+01
4.075000000000000000e+01
4.075000000000000000e+01
4.075000000000000000e+01
4.075000000000000000e+01
4.075000000000000000e+01
4.075000000000000000e+01
4.075000000000000000e+01
4.075000000000000000e+01
4.075000000000000000e+01
4.075000000000000000e+01
4.075000000000000000e+01
4.075000000000000000e+01
4.075000000000000000e+01
4.075000000000000000e+01
4.075000000000000000e+01
4.075000000000000000e+01
4.075000000000000000e+01
4.100000000000000000e+01
4.100000000000000000e+01
4.100000000000000000e+01
4.100000000000000000e+01
4.100000000000000000e+01
4.100000000000000000e+01
4.100000000000000000e+01
4.100000000000000000e+01
4.100000000000000000e+01
4.100000000000000000e+01
4.100000000000000000e+01
4.100000000000000000e+01
4.100000000000000000e+01
4.100000000000000000e+01
4.100000000000000000e+01
4.100000000000000000e+01
4.100000000000000000e+01
4.100000000000000000e+01
4.100000000000000000e+01
4.100000000000000000e+01
4.100000000000000000e+01
4.100000000000000000e+01
4.100000000000000000e+01
4.100000000000000000e+01
4.100000000000000000e+01
4.100000000000000000e+01
4.100000000000000000e+01
4.100000000000000000e+01
4.100000000000000000e+01
4.125000000000000000e+01
4.125000000000000000e+01
4.125000000000000000e+01
4.125000000000000000e+01
4.125000000000000000e+01
4.125000000000000000e+01
4.125000000000000000e+01
4.125000000000000000e+01
4.125000000000000000e+01
4.125000000000000000e+01
4.125000000000000000e+01
4.125000000000000000e+01
4.125000000000000000e+01
4.125000000000000000e+01
4.125000000000000000e+01
4.125000000000000000e+01
4.125000000000000000e+01
4.125000000000000000e+01
4.125000000000000000e+01
4.125000000000000000e+01
4.125000000000000000e+01
4.125000000000000000e+01
4.125000000000000000e+01
4.125000000000000000e+01
4.125000000000000000e+01
4.125000000000000000e+01
4.125000000000000000e+01
4.125000000000000000e+01
4.125000000000000000e+01
4.125000000000000000e+01
4.125000000000000000e+01
4.150000000000000000e+01
4.150000000000000000e+01
4.150000000000000000e+01
4.150000000000000000e+01
4.150000000000000000e+01
4.150000000000000000e+01
4.150000000000000000e+01
4.150000000000000000e+01
4.150000000000000000e+01
4.150000000000000000e+01
4.150000000000000000e+01
4.150000000000000000e+01
4.150000000000000000e+01
4.150000000000000000e+01
4.150000000000000000e+01
4.150000000000000000e+01
4.150000000000000000e+01
4.150000000000000000e+01
4.150000000000000000e+01
4.150000000000000000e+01
4.150000000000000000e+01
4.150000000000000000e+01
4.150000000000000000e+01
4.150000000000000000e+01
4.150000000000000000e+01
4.150000000000000000e+01
4.150000000000000000e+01
4.150000000000000000e+01
4.150000000000000000e+01
4.150000000000000000e+01
4.150000000000000000e+01
4.150000000000000000e+01
4.150000000000000000e+01
4.150000000000000000e+01
4.150000000000000000e+01
4.150000000000000000e+01
4.175000000000000000e+01
4.175000000000000000e+01
4.175000000000000000e+01
4.175000000000000000e+01
4.175000000000000000e+01
4.175000000000000000e+01
4.175000000000000000e+01
4.175000000000000000e+01
4.175000000000000000e+01
4.175000000000000000e+01
4.175000000000000000e+01
4.175000000000000000e+01
4.175000000000000000e+01
4.175000000000000000e+01
4.175000000000000000e+01
4.175000000000000000e+01
4.175000000000000000e+01
4.175000000000000000e+01
4.175000000000000000e+01
4.175000000000000000e+01
4.175000000000000000e+01
4.175000000000000000e+01
4.175000000000000000e+01
4.175000000000000000e+01
4.175000000000000000e+01
4.175000000000000000e+01
4.200000000000000000e+01
4.200000000000000000e+01
4.200000000000000000e+01
4.200000000000000000e+01
4.200000000000000000e+01
4.200000000000000000e+01
4.200000000000000000e+01
4.200000000000000000e+01
4.200000000000000000e+01
4.200000000000000000e+01
4.200000000000000000e+01
4.200000000000000000e+01
4.200000000000000000e+01
4.200000000000000000e+01
4.200000000000000000e+01
4.200000000000000000e+01
4.200000000000000000e+01
4.200000000000000000e+01
4.200000000000000000e+01
4.200000000000000000e+01
4.200000000000000000e+01
4.200000000000000000e+01
4.200000000000000000e+01
4.200000000000000000e+01
4.200000000000000000e+01
4.200000000000000000e+01
4.200000000000000000e+01
4.200000000000000000e+01
4.200000000000000000e+01
4.225000000000000000e+01
4.225000000000000000e+01
4.225000000000000000e+01
4.225000000000000000e+01
4.225000000000000000e+01
4.225000000000000000e+01
4.225000000000000000e+01
4.225000000000000000e+01
4.225000000000000000e+01
4.225000000000000000e+01
4.225000000000000000e+01
4.225000000000000000e+01
4.225000000000000000e+01
4.225000000000000000e+01
4.225000000000000000e+01
4.225000000000000000e+01
4.225000000000000000e+01
4.225000000000000000e+01
4.225000000000000000e+01
4.225000000000000000e+01
4.225000000000000000e+01
4.225000000000000000e+01
4.225000000000000000e+01
4.225000000000000000e+01
4.225000000000000000e+01
4.225000000000000000e+01
4.225000000000000000e+01
4.225000000000000000e+01
4.225000000000000000e+01
4.225000000000000000e+01
4.225000000000000000e+01
4.225000000000000000e+01
4.250000000000000000e+01
4.250000000000000000e+01
4.250000000000000000e+01
4.250000000000000000e+01
4.250000000000000000e+01
4.250000000000000000e+01
4.250000000000000000e+01
4.250000000000000000e+01
4.250000000000000000e+01
4.250000000000000000e+01
4.250000000000000000e+01
4.250000000000000000e+01
4.250000000000000000e+01
4.250000000000000000e+01
4.250000000000000000e+01
4.250000000000000000e+01
4.250000000000000000e+01
4.250000000000000000e+01
4.250000000000000000e+01
4.250000000000000000e+01
4.250000000000000000e+01
4.250000000000000000e+01
4.250000000000000000e+01
4.250000000000000000e+01
4.250000000000000000e+01
4.250000000000000000e+01
4.250000000000000000e+01
4.250000000000000000e+01
4.275000000000000000e+01
4.275000000000000000e+01
4.275000000000000000e+01
4.275000000000000000e+01
4.275000000000000000e+01
4.275000000000000000e+01
4.275000000000000000e+01
4.275000000000000000e+01
4.275000000000000000e+01
4.275000000000000000e+01
4.275000000000000000e+01
4.275000000000000000e+01
4.275000000000000000e+01
4.275000000000000000e+01
4.275000000000000000e+01
4.275000000000000000e+01
4.275000000000000000e+01
4.275000000000000000e+01
4.275000000000000000e+01
4.275000000000000000e+01
4.275000000000000000e+01
4.275000000000000000e+01
4.275000000000000000e+01
4.275000000000000000e+01
4.275000000000000000e+01
4.275000000000000000e+01
4.275000000000000000e+01
4.275000000000000000e+01
4.275000000000000000e+01
4.275000000000000000e+01
4.300000000000000000e+01
4.300000000000000000e+01
4.300000000000000000e+01
4.300000000000000000e+01
4.300000000000000000e+01
4.300000000000000000e+01
4.300000000000000000e+01
4.300000000000000000e+01
4.300000000000000000e+01
4.300000000000000000e+01
4.300000000000000000e+01
4.300000000000000000e+01
4.300000000000000000e+01
4.300000000000000000e+01
4.300000000000000000e+01
4.300000000000000000e+01
4.300000000000000000e+01
4.300000000000000000e+01
4.300000000000000000e+01
4.300000000000000000e+01
4.300000000000000000e+01
4.300000000000000000e+01
4.300000000000000000e+01
4.300000000000000000e+01
4.300000000000000000e+01
4.300000000000000000e+01
4.300000000000000000e+01
4.300000000000000000e+01
4.300000000000000000e+01
4.300000000000000000e+01
4.325000000000000000e+01
4.325000000000000000e+01
4.325000000000000000e+01
4.325000000000000000e+01
4.325000000000000000e+01
4.325000000000000000e+01
4.325000000000000000e+01
4.325000000000000000e+01
4.325000000000000000e+01
4.325000000000000000e+01
4.325000000000000000e+01
4.325000000000000000e+01
4.325000000000000000e+01
4.325000000000000000e+01
4.325000000000000000e+01
4.325000000000000000e+01
4.325000000000000000e+01
4.325000000000000000e+01
4.325000000000000000e+01
4.325000000000000000e+01
4.325000000000000000e+01
4.325000000000000000e+01
4.325000000000000000e+01
4.325000000000000000e+01
4.325000000000000000e+01
4.325000000000000000e+01
4.325000000000000000e+01
4.325000000000000000e+01
4.325000000000000000e+01
4.325000000000000000e+01
4.325000000000000000e+01
4.325000000000000000e+01
4.350000000000000000e+01
4.350000000000000000e+01
4.350000000000000000e+01
4.350000000000000000e+01
4.350000000000000000e+01
4.350000000000000000e+01
4.350000000000000000e+01
4.350000000000000000e+01
4.350000000000000000e+01
4.350000000000000000e+01
4.350000000000000000e+01
4.350000000000000000e+01
4.350000000000000000e+01
4.350000000000000000e+01
4.350000000000000000e+01
4.350000000000000000e+01
4.350000000000000000e+01
4.350000000000000000e+01
4.350000000000000000e+01
4.350000000000000000e+01
4.350000000000000000e+01
4.350000000000000000e+01
4.350000000000000000e+01
4.350000000000000000e+01
4.350000000000000000e+01
4.350000000000000000e+01
4.350000000000000000e+01
4.350000000000000000e+01
4.350000000000000000e+01
4.375000000000000000e+01
4.375000000000000000e+01
4.375000000000000000e+01
4.375000000000000000e+01
4.375000000000000000e+01
4.375000000000000000e+01
4.375000000000000000e+01
4.375000000000000000e+01
4.375000000000000000e+01
4.375000000000000000e+01
4.375000000000000000e+01
4.375000000000000000e+01
4.375000000000000000e+01
4.375000000000000000e+01
4.375000000000000000e+01
4.375000000000000000e+01
4.375000000000000000e+01
4.375000000000000000e+01
4.375000000000000000e+01
4.375000000000000000e+01
4.375000000000000000e+01
4.375000000000000000e+01
4.375000000000000000e+01
4.375000000000000000e+01
4.375000000000000000e+01
4.375000000000000000e+01
4.375000000000000000e+01
4.375000000000000000e+01
4.375000000000000000e+01
4.375000000000000000e+01
4.375000000000000000e+01
4.375000000000000000e+01
4.375000000000000000e+01
4.375000000000000000e+01
4.375000000000000000e+01
4.400000000000000000e+01
4.400000000000000000e+01
4.400000000000000000e+01
4.400000000000000000e+01
4.400000000000000000e+01
4.400000000000000000e+01
4.400000000000000000e+01
4.400000000000000000e+01
4.400000000000000000e+01
4.400000000000000000e+01
4.400000000000000000e+01
4.400000000000000000e+01
4.400000000000000000e+01
4.400000000000000000e+01
4.400000000000000000e+01
4.400000000000000000e+01
4.400000000000000000e+01
4.400000000000000000e+01
4.400000000000000000e+01
4.400000000000000000e+01
4.400000000000000000e+01
4.400000000000000000e+01
4.400000000000000000e+01
4.400000000000000000e+01
4.400000000000000000e+01
4.400000000000000000e+01
4.400000000000000000e+01
4.400000000000000000e+01
4.400000000000000000e+01
4.400000000000000000e+01
4.400000000000000000e+01
4.400000000000000000e+01
4.400000000000000000e+01
4.400000000000000000e+01
4.425000000000000000e+01
4.425000000000000000e+01
4.425000000000000000e+01
4.425000000000000000e+01
4.425000000000000000e+01
4.425000000000000000e+01
4.425000000000000000e+01
4.425000000000000000e+01
4.425000000000000000e+01
4.425000000000000000e+01
4.425000000000000000e+01
4.425000000000000000e+01
4.425000000000000000e+01
4.425000000000000000e+01
4.425000000000000000e+01
4.425000000000000000e+01
4.425000000000000000e+01
4.425000000000000000e+01
4.425000000000000000e+01
4.425000000000000000e+01
4.425000000000000000e+01
4.425000000000000000e+01
4.425000000000000000e+01
4.425000000000000000e+01
4.425000000000000000e+01
4.425000000000000000e+01
4.425000000000000000e+01
4.425000000000000000e+01
4.425000000000000000e+01
4.425000000000000000e+01
4.425000000000000000e+01
4.425000000000000000e+01
4.425000000000000000e+01
4.425000000000000000e+01
4.450000000000000000e+01
4.450000000000000000e+01
4.450000000000000000e+01
4.450000000000000000e+01
4.450000000000000000e+01
4.450000000000000000e+01
4.450000000000000000e+01
4.450000000000000000e+01
4.450000000000000000e+01
4.450000000000000000e+01
4.450000000000000000e+01
4.450000000000000000e+01
4.450000000000000000e+01
4.450000000000000000e+01
4.450000000000000000e+01
4.450000000000000000e+01
4.450000000000000000e+01
4.450000000000000000e+01
4.450000000000000000e+01
4.450000000000000000e+01
4.450000000000000000e+01
4.450000000000000000e+01
4.450000000000000000e+01
4.450000000000000000e+01
4.450000000000000000e+01
4.450000000000000000e+01
4.450000000000000000e+01
4.450000000000000000e+01
4.450000000000000000e+01
4.450000000000000000e+01
4.450000000000000000e+01
4.450000000000000000e+01
4.475000000000000000e+01
4.475000000000000000e+01
4.475000000000000000e+01
4.475000000000000000e+01
4.475000000000000000e+01
4.475000000000000000e+01
4.475000000000000000e+01
4.475000000000000000e+01
4.475000000000000000e+01
4.475000000000000000e+01
4.475000000000000000e+01
4.475000000000000000e+01
4.475000000000000000e+01
4.475000000000000000e+01
4.475000000000000000e+01
4.475000000000000000e+01
4.475000000000000000e+01
4.475000000000000000e+01
4.475000000000000000e+01
4.475000000000000000e+01
4.475000000000000000e+01
4.475000000000000000e+01
4.475000000000000000e+01
4.475000000000000000e+01
4.475000000000000000e+01
4.500000000000000000e+01
4.500000000000000000e+01
4.500000000000000000e+01
4.500000000000000000e+01
4.500000000000000000e+01
4.500000000000000000e+01
4.500000000000000000e+01
4.500000000000000000e+01
4.500000000000000000e+01
4.500000000000000000e+01
4.500000000000000000e+01
4.500000000000000000e+01
4.500000000000000000e+01
4.500000000000000000e+01
4.500000000000000000e+01
4.500000000000000000e+01
4.500000000000000000e+01
4.500000000000000000e+01
4.500000000000000000e+01
4.500000000000000000e+01
4.500000000000000000e+01
4.500000000000000000e+01
4.500000000000000000e+01
4.525000000000000000e+01
4.525000000000000000e+01
4.525000000000000000e+01
4.525000000000000000e+01
4.525000000000000000e+01
4.525000000000000000e+01
4.525000000000000000e+01
4.525000000000000000e+01
4.525000000000000000e+01
4.525000000000000000e+01
4.525000000000000000e+01
4.525000000000000000e+01
4.525000000000000000e+01
4.525000000000000000e+01
4.525000000000000000e+01
4.525000000000000000e+01
4.550000000000000000e+01
4.550000000000000000e+01
4.550000000000000000e+01
4.550000000000000000e+01
4.550000000000000000e+01
4.550000000000000000e+01
4.550000000000000000e+01
4.550000000000000000e+01
4.550000000000000000e+01
4.550000000000000000e+01
4.550000000000000000e+01
4.550000000000000000e+01
4.550000000000000000e+01
4.575000000000000000e+01
4.575000000000000000e+01
4.575000000000000000e+01
4.575000000000000000e+01
4.575000000000000000e+01
4.575000000000000000e+01
4.575000000000000000e+01
4.575000000000000000e+01
4.575000000000000000e+01
4.575000000000000000e+01
4.575000000000000000e+01
4.575000000000000000e+01
4.575000000000000000e+01
4.600000000000000000e+01
4.600000000000000000e+01
4.600000000000000000e+01
4.600000000000000000e+01
4.600000000000000000e+01
4.600000000000000000e+01
4.600000000000000000e+01
4.600000000000000000e+01
4.600000000000000000e+01
4.600000000000000000e+01
4.625000000000000000e+01
4.625000000000000000e+01
4.625000000000000000e+01
4.625000000000000000e+01
4.625000000000000000e+01
4.625000000000000000e+01
4.625000000000000000e+01
4.625000000000000000e+01
4.625000000000000000e+01
4.625000000000000000e+01
4.625000000000000000e+01
4.650000000000000000e+01
4.650000000000000000e+01
4.650000000000000000e+01
4.650000000000000000e+01
4.650000000000000000e+01
4.650000000000000000e+01
4.650000000000000000e+01
4.650000000000000000e+01
4.675000000000000000e+01
4.675000000000000000e+01
4.675000000000000000e+01
4.675000000000000000e+01
4.675000000000000000e+01
4.675000000000000000e+01
4.675000000000000000e+01
4.675000000000000000e+01
4.700000000000000000e+01
4.700000000000000000e+01
4.700000000000000000e+01
4.700000000000000000e+01
4.700000000000000000e+01
4.700000000000000000e+01
4.700000000000000000e+01
4.725000000000000000e+01
4.725000000000000000e+01
4.725000000000000000e+01
4.725000000000000000e+01
4.725000000000000000e+01
4.725000000000000000e+01
4.725000000000000000e+01
4.750000000000000000e+01
4.750000000000000000e+01
4.750000000000000000e+01
4.750000000000000000e+01
4.750000000000000000e+01
4.750000000000000000e+01
4.750000000000000000e+01
4.775000000000000000e+01
4.775000000000000000e+01
4.775000000000000000e+01
4.775000000000000000e+01
4.775000000000000000e+01
4.775000000000000000e+01
4.775000000000000000e+01
4.800000000000000000e+01
4.800000000000000000e+01
4.800000000000000000e+01
4.800000000000000000e+01
4.800000000000000000e+01
4.800000000000000000e+01
4.800000000000000000e+01
4.825000000000000000e+01
4.825000000000000000e+01
4.825000000000000000e+01
4.825000000000000000e+01
4.825000000000000000e+01
4.825000000000000000e+01
4.825000000000000000e+01
4.850000000000000000e+01
4.850000000000000000e+01
4.850000000000000000e+01
4.850000000000000000e+01
4.850000000000000000e+01
4.850000000000000000e+01
4.850000000000000000e+01
4.875000000000000000e+01
4.875000000000000000e+01
4.875000000000000000e+01
4.875000000000000000e+01
4.875000000000000000e+01
4.875000000000000000e+01
4.875000000000000000e+01
4.900000000000000000e+01
4.900000000000000000e+01
4.900000000000000000e+01
4.900000000000000000e+01
4.900000000000000000e+01
4.900000000000000000e+01
4.900000000000000000e+01
4.925000000000000000e+01
4.925000000000000000e+01
4.925000000000000000e+01
4.925000000000000000e+01
4.925000000000000000e+01
4.925000000000000000e+01
4.925000000000000000e+01
4.950000000000000000e+01
4.950000000000000000e+01
4.950000000000000000e+01
4.950000000000000000e+01
4.950000000000000000e+01
4.950000000000000000e+01
4.950000000000000000e+01
4.975000000000000000e+01
4.975000000000000000e+01
4.975000000000000000e+01
4.975000000000000000e+01
4.975000000000000000e+01
4.975000000000000000e+01
4.975000000000000000e+01
5.000000000000000000e+01
5.000000000000000000e+01
5.000000000000000000e+01
5.000000000000000000e+01
5.000000000000000000e+01
5.000000000000000000e+01
5.000000000000000000e+01
