1.209212920514254996e+01
1.498467648007538422e+01
1.593494936991990052e+01
1.280277773012310583e+01
-3.053706612301577472e+00
-3.322523684194329086e+00
-2.311073032713010011e+00
6.289757482929519306e+00
7.956701834958128217e+00
9.263637709511293394e+00
9.624793446116024498e+00
9.371479194828522097e+00
9.840191283483443740e+00
1.476120751939542863e+01
-5.530332766096331953e-01
9.010217606762692455e+00
8.913684580556646253e+00
9.463601380438227295e+00
1.413765142481902437e+01
-2.903002578160256419e+00
1.264580635180044155e+01
1.356018263729504270e+01
7.973214935013380078e+00
1.003896917398403232e+01
1.145605663407729580e+01
1.138751319621507463e+01
1.213619061445580272e+01
7.547070528725098093e+00
4.252814132039898887e+00
8.945283467575428915e+00
8.837498443844911122e+00
9.205252690574150520e+00
9.096280270147881097e+00
8.953933171342582042e+00
9.365470656318741760e+00
1.340029417853447669e+01
-5.179651032991143822e+00
-3.566861181977574180e+00
-3.458203002968102791e+00
-3.853486257637476431e+00
-2.794816152641183660e+00
7.627549531156038398e+00
8.678458326948222279e+00
8.972705185584636922e+00
8.696723985017122516e+00
8.847581994927088189e+00
1.136496047851835556e+01
1.140142239696994864e+01
1.232064984106585115e+01
1.259644717596742680e+01
7.724837700471852031e+00
8.610212533068557050e+00
8.583202753053086553e+00
8.450002736038442208e+00
9.269992521731822421e+00
1.497670384802280807e+01
-1.579977164391328959e+00
1.272410202016600778e+01
1.403687958553149073e+01
1.251424227766528929e+01
-3.759418452227335283e+00
-4.047937645007268159e+00
-4.228914064808528828e+00
1.073533854698723644e+01
1.105603652400070480e+01
1.067100391940601156e+01
1.238697592577483952e+01
1.131836143030804109e+01
1.112590335578621925e+01
1.425435206242635822e+01
-4.605243314839932545e+00
1.464694581306252630e+01
-2.473111923692511649e+00
-1.033505587292784939e-01
1.262597327046753826e+01
1.060904495165689454e+01
1.069933973884217338e+01
1.044280055379473104e+01
1.287685643076944864e+01
-2.664210711534561238e+00
1.323602482250834456e+01
1.547289572472339181e+01
-2.015882532513790515e-01
6.764291379917477087e+00
1.532209543794761153e+01
-3.791344155130152993e-01
1.072864018593120861e+01
-9.811851521304488788e-01
1.083746259948669355e+01
1.065009481046393880e+01
-2.659099884472390096e-01
1.336191391096140357e+01
8.039573763665034178e+00
9.570257203480258212e+00
9.784855915274340177e+00
9.232303788893423402e+00
9.429619835139938289e+00
1.335069055858709142e+01
-5.040278749773818845e+00
-3.649908626737615513e+00
-3.810960273214433425e+00
-4.375765042374664127e+00
-3.803568367449527088e+00
1.271372733169334701e+01
-4.222242615949736155e+00
-4.681936459239896209e+00
-4.990384916681128047e+00
-3.913119194654393951e+00
1.061484515179658317e+01
1.127071440584583151e+01
1.243049466351476795e+01
8.303626700640570846e+00
9.174934557282478309e+00
8.883081304300024073e+00
8.553982612196042723e+00
9.317261280542759039e+00
1.507636299012522763e+01
-1.681607096953697145e+00
-3.035114897408245360e-01
1.394258013326982848e+01
9.435469664895533626e+00
9.044748209610411038e+00
8.748613749571148901e+00
1.004855697112951951e+01
6.514436293082349394e+00
1.335773933971056060e+01
1.426917060464593945e+01
1.065631805624448880e+01
1.204137333907941176e+01
1.157756335037393924e+01
1.341083982510245498e+01
-2.104648757284922400e+00
1.160994465703321055e+01
1.111948662658609166e+01
1.232789117324720074e+01
9.634252850070376795e+00
1.083428522807471595e+01
1.017866179939265159e+01
9.900489866974691466e+00
1.286814018849198860e+01
-4.614727053714689831e+00
-4.254447228286632132e+00
-4.822355320203121742e+00
-5.055818230995172691e+00
-3.662101228735572978e+00
9.319245255945874717e+00
1.052484519434676358e+01
9.959939779137521043e+00
9.620827201368754800e+00
-4.483494197594908748e+00
-4.417443406757747049e+00
-5.026781261212456720e+00
-5.175253526002737026e+00
-3.591701142562255811e+00
9.417616619652758203e+00
1.008252643084828826e+01
9.342123720030695466e+00
9.132906312004529070e+00
1.155332883432366309e+01
1.402972035973963294e+01
-9.552721458993929105e-01
9.579125499097951746e+00
1.634271298963132679e+01
-3.257020943370996680e+00
-4.321100440363544237e+00
-4.567896896460836409e+00
-2.549471393052378687e+00
5.371617696361848715e+00
9.311425726214515919e+00
9.431834347068758007e+00
8.756587876355219180e+00
8.764112405611006906e+00
1.146038500737846810e+01
-6.397420785167156065e-01
-6.011065202608510682e-02
1.182495232585359979e+01
9.451531833676003913e+00
9.937862465801346801e+00
9.183358259230427478e+00
9.008523504407998317e+00
9.821457300860949147e+00
9.713208794906000421e+00
8.919462900896020230e+00
9.132489403009076412e+00
1.317071449000412819e+01
-4.787679297932091238e+00
-4.170857041492456396e+00
-4.710316234413703285e+00
-5.238203776793954880e+00
-4.907515674901749669e+00
-1.245966447583864767e+00
4.063764638673551310e+00
8.990720649311750634e+00
8.471533094750872905e+00
8.156763131680438761e+00
9.155471739517004437e+00
1.485985274060340622e+01
-3.421140050240289998e+00
-3.805803166440023144e+00
-4.621725683618421066e+00
-4.657902345118142939e+00
-1.778217084907627976e+00
5.095057571930814433e+00
9.803277566990155734e+00
9.311737618224933399e+00
8.687927353729818947e+00
9.386126596462080585e+00
1.520502412681646476e+01
-1.935480742961825040e+00
-1.823342329044876919e+00
-2.904749620813227740e+00
-2.476591660231572956e+00
8.945374650701729990e+00
1.112034480580974538e+01
1.086092213699154563e+01
9.906027646492685079e+00
1.126284207614554234e+01
1.035842675382521882e+01
9.635337861580236307e+00
1.165395130660606782e+01
1.348713570895505676e+01
1.390706323258131505e+01
-1.770775077345491111e+00
-1.746073111406623579e-01
-5.826267361871195760e-01
1.206509909098443067e+01
-2.696968270056702810e+00
-2.801106431184818391e+00
-3.957250480233491352e+00
-4.127477853771038596e+00
-6.762020710447570471e-01
5.974019487729998801e+00
1.259003901136959236e+01
1.181004550166458245e+01
1.278466229401917431e+01
1.238479200246716871e+01
-1.755616610135971145e+00
-2.054063328646761555e+00
1.087712313936185460e+01
-7.500160713636139231e-01
-1.704659048331548465e+00
-1.866080660007544134e+00
-2.940672312195267146e+00
-4.022832909862978035e+00
-4.650426421754504602e+00
-3.585908236748819977e+00
1.053600013735175622e+01
1.167264523631875051e+01
1.032782759083116986e+01
1.016416326109552593e+01
1.566684841103630887e+01
1.283189420837212147e+01
1.284328648719266397e+01
1.276455404739240684e+01
8.988706565556210393e+00
9.647409955849189700e+00
8.706188905099047304e+00
8.114439833718684270e+00
8.884601214606771435e+00
1.365121505608218122e+01
-3.752667766360042290e+00
-4.241296680274222908e+00
-5.028555968748268157e+00
-5.276559167648753323e+00
-4.077696966379590116e+00
1.222869679496220030e+01
1.203241245920180980e+01
8.408419038362424658e+00
8.527823015071035684e+00
7.843583000172710484e+00
7.553285756446683763e+00
-3.292057414664010029e+00
-3.891623908583361935e+00
-4.838848377182715765e+00
-5.036525480080621620e+00
-3.344263747336930770e+00
1.049694856320295600e+01
9.991212890929730861e+00
8.850828023768793074e+00
9.127700093170323825e+00
1.365145788356835865e+01
-3.786321450269535482e+00
-3.858351872381875047e+00
-4.793764003411791208e+00
-5.237463391677439795e+00
-4.487639607449510848e+00
-9.452534610358122313e-02
1.018321042744956273e+01
9.288075047021283837e+00
1.051266966623891363e+01
8.650461310444244489e+00
8.071781669769972467e+00
7.512962534586431040e+00
7.684227815501117220e+00
9.759851504777666165e+00
1.455769194358036422e+01
-2.421714715462999212e+00
-1.631925807534065465e+00
5.245814359919749315e+00
1.021011914179509361e+01
1.069825204363224103e+01
9.283146596261863337e+00
8.825032478346809484e+00
-3.405989387285596859e+00
-4.440513290027114479e+00
-4.113466088250794961e+00
1.444475952259922380e+01
-4.137790861758897876e+00
-4.948079869305412437e+00
-4.665468720180032669e+00
-1.393505978730454897e+00
9.716268255649666230e+00
8.607680902844725424e+00
8.146985635155303385e+00
9.578884686303252849e+00
2.754881433053461670e+00
9.054571091946492345e+00
8.088717244144950413e+00
7.892791475904369136e+00
9.602979421735476251e+00
9.745638382336347050e+00
8.634421627345314931e+00
8.879163474882824758e+00
1.294382936669476258e+01
-4.044364871561574759e+00
-4.937851460572812101e+00
-5.386866164468089302e+00
-4.873315556648669222e+00
-1.862469207964417173e+00
1.196534101490710766e-01
7.547757922442011047e-02
9.011731482795429571e+00
8.107946931736512042e+00
7.461010195641004650e+00
7.733111408924590258e+00
1.006510541907400835e+01
1.369037300811315916e+01
1.237769798572395352e+01
1.244966468628775047e+01
1.107218260224196804e+01
1.062923344826566918e+01
9.011680356940297898e+00
8.970064072154810830e+00
1.281350981847092285e+01
-3.940660930037769738e+00
-4.892745422817791123e+00
-5.392005694284594419e+00
-5.001067823730557471e+00
-2.536095483945236317e+00
-9.080529631892797493e-01
-2.561780266053238719e+00
-3.760953639785069580e+00
-2.498892819410612365e+00
8.672646987317889966e+00
8.422685312562592230e+00
7.544473248990500203e+00
7.288676946577923310e+00
8.162705319864546283e+00
1.095826774245005808e+01
1.215960945511884539e+01
1.013020937474532879e+01
9.424789618951077586e+00
8.116537295573873934e+00
7.532743359167257680e+00
8.262677515152315522e+00
1.137788722187750778e+01
-1.811090285852143156e+00
-3.217427252939133453e+00
-2.012855631705885884e+00
3.963376603203566884e+00
8.612000461838226428e+00
8.172481595887127526e+00
7.323957039838976613e+00
7.103687127137012780e+00
7.914023461135211157e+00
1.012195934924204543e+01
1.025063504694639072e+01
8.558006463229746785e+00
7.870929928337324633e+00
8.977375169031798663e+00
1.320597209188889920e+01
-3.307091894573568336e+00
-4.409811772528722251e+00
-3.953582512125465520e+00
1.347772102797017446e+01
-3.166906147190302168e+00
-4.057589500740443889e+00
-2.506991899810483204e+00
9.020967741739688961e+00
8.376402395629108710e+00
7.451883654418898217e+00
-3.299831015849692406e+00
-4.425217836661141213e+00
-5.223436216834699053e+00
-5.171833751232669307e+00
-3.589859117681485134e+00
-1.847574209539784906e+00
-3.246041546221541729e+00
-4.612803707110407103e+00
-4.721225730406842125e+00
-2.642292864891338855e+00
1.213645155535197517e+01
1.009095962528790302e+01
9.743031109826393532e+00
1.475210324784110938e+01
-2.143174988789415369e+00
-3.138459009810063982e+00
-4.549608228680467548e+00
-4.876329632535735925e+00
-3.393092502910455277e+00
-1.386031466685533342e-04
-8.179275584593250770e-01
-2.264656053894548826e+00
1.454098791559647985e+01
-2.532140484612949827e+00
-3.503364051335949636e+00
-4.784739343056087613e+00
-5.118501332199650200e+00
-4.028285229042821491e+00
-1.226155648976027468e+00
-1.954785546185708656e+00
-3.877930439718952904e+00
-4.376511394151269663e+00
-2.704637235774816517e+00
-4.412493284595493392e+00
-4.927849274154082693e+00
-3.906600818191444002e+00
-1.027552897340163307e+00
-1.828990461018619174e+00
-3.876449368606018631e+00
-4.420122883757720444e+00
-2.646702314376238707e+00
1.072674825784582175e+01
8.985541573199411047e+00
7.948977283215604039e+00
8.747850149425564936e+00
1.244258062689327815e+01
-3.111404349553286153e+00
-4.429198651412765919e+00
-4.231669451941431959e+00
-1.172893824345186520e+00
1.215691684308152531e+01
1.026215301360469745e+01
1.217957370123301253e+01
-2.811248016861163990e+00
-3.983849014004161582e+00
-5.049683674350166740e+00
-5.205686937135194370e+00
-4.048344634230013561e+00
-2.240883728684486265e+00
-3.365028944667673994e+00
-4.764158587466813977e+00
-3.424144817587860601e+00
-4.563722158682405272e+00
-5.357457857348356889e+00
-5.434548523121182306e+00
-4.630462219602322627e+00
-3.666794516954492433e+00
-4.507098818507014215e+00
-5.356862433631613740e+00
-5.559876793924927618e+00
-5.083744867409785151e+00
-4.067002282028301607e+00
-4.498768258763839789e+00
-5.345253163121945761e+00
-5.643115304494033424e+00
-5.417069959773538557e+00
-4.549794737398882738e+00
-4.557468429717208558e+00
-5.324685500314775943e+00
-5.692788046820751013e+00
-5.633504115994405481e+00
-5.018144324037169035e+00
-4.697910048518149750e+00
-5.305170357023923700e+00
-5.716787588818851518e+00
-5.763422772648528536e+00
-5.395287653801149830e+00
-4.918858936080899191e+00
-5.298490013509319141e+00
-5.723692072414033660e+00
-5.838008220802624493e+00
-5.653364764128570030e+00
-5.187716223037346808e+00
-5.319463488831459586e+00
-5.720273560327628459e+00
-5.878794425309427751e+00
-3.079178619022504115e+00
-4.523937503288543382e+00
-5.307586830843936454e+00
-5.288456063005333441e+00
-4.333086028627982422e+00
-3.781401023917156490e+00
-4.793353902976583925e+00
-5.469695103442014705e+00
-5.552906581111550111e+00
-5.022525455820805007e+00
-4.427683189024588017e+00
-5.026476561653328012e+00
-5.587744671507006267e+00
-5.719101980200680835e+00
-5.465422348853896217e+00
-4.965987481423638883e+00
-5.233439970095703941e+00
-5.673974484976367805e+00
-5.817727257012570874e+00
-5.715250718218507942e+00
-5.368738651040398047e+00
-5.418125269592760418e+00
-5.739056692876363996e+00
-5.876643803760623008e+00
-5.846842511877888171e+00
-5.639361472228854311e+00
-5.578247142601297170e+00
-5.791403693875520453e+00
-5.913165983543450466e+00
-5.915519315830719549e+00
-5.805015386314767767e+00
-5.710558540126088545e+00
-5.835095757408781836e+00
-5.936991086380429827e+00
-4.768072545076032398e+00
-5.294060046363799898e+00
-5.683987724901782279e+00
-5.749287000570302730e+00
-5.549565071947552219e+00
-5.289307536973776536e+00
-5.532981161689895622e+00
-5.784966974584816235e+00
-5.843736533247930964e+00
-5.759701264425029166e+00
-5.595819785437081251e+00
-5.690381569869764178e+00
-5.847221457382006271e+00
-5.892573760527646698e+00
-5.856667655400932482e+00
-5.764630283109484665e+00
-5.791219910255189340e+00
-5.885734104835481872e+00
-5.918453423422629811e+00
-5.901237873627769304e+00
-5.852978321795204053e+00
-5.853831141829835438e+00
-5.909557963214835397e+00
-5.932561641902442950e+00
-5.922424032208985167e+00
-5.897332544334427773e+00
-5.891598354868934351e+00
-5.924153932459537586e+00
-5.940410111499449641e+00
-5.933144109223738027e+00
-5.918802628134144150e+00
-5.913465192700326334e+00
-5.932879138357706417e+00
-5.944724023744759833e+00
-5.319516650352619003e+00
-5.604046674861910660e+00
-5.781908273265158549e+00
-5.796092291540478669e+00
-5.700175177336196164e+00
-5.624476898112070522e+00
-5.747956716889500051e+00
-5.839576051027373538e+00
-5.846555725365637279e+00
-5.804785726167402515e+00
-5.765322587313247205e+00
-5.819453919680396048e+00
-5.866967291419521224e+00
-5.868357712195189535e+00
-5.846549077693657281e+00
-5.827909902461781755e+00
-5.853703883672296548e+00
-5.879469886845527071e+00
-5.877881404507261820e+00
-5.863232833796989674e+00
-5.854729478692217270e+00
-5.869236638447672405e+00
-5.884748942052444143e+00
-5.881986152262690837e+00
-5.870092109068203001e+00
-5.865781942597238618e+00
-5.875628636260494808e+00
-5.886539996977956157e+00
-5.873079720133289605e+00
-5.870254565070016639e+00
-5.877812570209657750e+00
-5.886696702571066808e+00
-5.534174111495786086e+00
-5.705365660786571702e+00
-5.782681757616359164e+00
-5.770783941258345706e+00
-5.717132889581475474e+00
-5.712547605631139724e+00
-5.781944457529692549e+00
-5.812114593780077776e+00
-5.799792065501826244e+00
-5.777402624991014868e+00
-5.778910084164710526e+00
-5.810446077276628429e+00
-5.822204834315577671e+00
-5.809877515596998165e+00
-5.798337864803551511e+00
-5.802606989138598514e+00
-5.820093910861738884e+00
-5.825012988343416076e+00
-5.812841053557126436e+00
-5.805571458526026518e+00
-5.810347520075385575e+00
-5.822493667805575868e+00
-5.808066949318027028e+00
-5.811940265058439081e+00
-5.808937015038740270e+00
-5.613484980296768789e+00
-5.715082441174937244e+00
-5.742782935935585087e+00
-5.720785174073678370e+00
-5.694044054346941053e+00
-5.714883827593633114e+00
-5.752004706586187233e+00
-5.756140213739446843e+00
-5.738512589853454138e+00
-5.729995245830548534e+00
-5.744331439852563115e+00
-5.761221246655575001e+00
-5.743469728088630433e+00
-5.740610923529613885e+00
-5.751969002775520146e+00
-5.762440178547588054e+00
-5.744547922376076698e+00
-5.743638437923813456e+00
-5.761519490564429802e+00
-5.744569299400129836e+00
-5.744407136593774332e+00
-5.744485665004339658e+00
-5.744540947082995785e+00
-5.626454172787636487e+00
-5.682703863091716379e+00
-5.684418534828001413e+00
-5.662172877116423031e+00
-5.655219261405187936e+00
-5.680658874102514133e+00
-5.698006194277220438e+00
-5.674266318749469740e+00
-5.676106275052213768e+00
-5.691893121736097072e+00
-5.699131465593244350e+00
-5.677453189864096750e+00
-5.680562236390026776e+00
-5.678337124377384804e+00
-5.678604676611830548e+00
-5.678695251043921033e+00
-5.552150763141800560e+00
-5.603071906582925088e+00
-5.629791036722924247e+00
-5.616823613563176387e+00
-5.601100786659084285e+00
-5.607988202718001247e+00
-5.629044742110877131e+00
-5.609940671049988836e+00
-5.618636535088675110e+00
-5.612021263376210989e+00
-5.612236044461938356e+00
-5.612221543571159543e+00
-5.612251457615298200e+00
-5.519662692060720133e+00
-5.558180523333208001e+00
-5.565407498307886947e+00
-5.545319106558119771e+00
-5.538752538503270095e+00
-5.553372335000081428e+00
-5.567843475884286519e+00
-5.544933989948831687e+00
-5.545064858977170275e+00
-5.544762271520394137e+00
-5.544881996843213479e+00
-5.544966308699871504e+00
-5.545013840640988789e+00
-5.475520254129652820e+00
-5.500177544683767294e+00
-5.474252227134196680e+00
-5.476230384905361959e+00
-5.493203737935540509e+00
-5.476185172742117580e+00
-5.476772122086095429e+00
-5.476859004687408827e+00
-5.476911090130545112e+00
-5.476957588303391411e+00
-5.395827148884036362e+00
-5.427542350225671441e+00
-5.408363559789646224e+00
-5.405752838960037110e+00
-5.420993191815466794e+00
-5.432251356030040057e+00
-5.407514756338594353e+00
-5.407817564605522875e+00
-5.407937563599673148e+00
-5.407997392614894316e+00
-5.408046280082642099e+00
5.362111271461063033e+00
5.367116333294513986e+00
5.360399908800721036e+00
5.357282194418419685e+00
5.355046232531436523e+00
5.353324322189473961e+00
5.351962263268623232e+00
5.350853757753632145e+00
5.288027056041055829e+00
5.294347693753381101e+00
5.289003165747732105e+00
5.286090736681044788e+00
5.283905039914561286e+00
5.282236132312944754e+00
5.280912648774520157e+00
5.279834934903719024e+00
5.221358173812384429e+00
5.216818731711986068e+00
5.213936397442483717e+00
5.211817681363259069e+00
5.210194811210772770e+00
5.208907372187774776e+00
5.207858578126412397e+00
5.147637126913356731e+00
5.143610715165009672e+00
5.140785776386676886e+00
5.138728697284144609e+00
5.137150786379257816e+00
5.135898620099058398e+00
5.134878285887637617e+00
5.073201547982822746e+00
5.069319871878589900e+00
5.066589136508915736e+00
5.064590150659755707e+00
5.063057075085981573e+00
5.061840138493256980e+00
5.060848315417581844e+00
4.997809985636846086e+00
4.993936802510182460e+00
4.991291839389475626e+00
4.989352698303034295e+00
4.987864887310807127e+00
4.986683634104943863e+00
4.985720725827103017e+00
4.921178301112321130e+00
4.917409044598984202e+00
4.914843887374342302e+00
4.912964723777514919e+00
4.911522638305688915e+00
4.910377508408161340e+00
4.909443930815296397e+00
4.843286364923122811e+00
4.839670002075448174e+00
4.837188902206529306e+00
4.835370707546514879e+00
4.833975205273357112e+00
4.832866919645993242e+00
4.831963280147392403e+00
4.764146540680435749e+00
4.760663913214159493e+00
4.758268140481453301e+00
4.756511848920776941e+00
4.755163700958597417e+00
4.754092929106304766e+00
4.753219810145577817e+00
4.683700476873665863e+00
4.680331255093327592e+00
4.678020029050861339e+00
4.676325999125084287e+00
4.675025649801709093e+00
4.673992826598426298e+00
4.673150635449408341e+00
4.601852932094170789e+00
4.598603189635106503e+00
4.596377107876554291e+00
4.594745801265142759e+00
4.593493742602898777e+00
4.592499340505484362e+00
4.591688506018537730e+00
4.518534952115524028e+00
4.515409793839475050e+00
4.513267476903966013e+00
4.511698332244818310e+00
4.510494371419744297e+00
4.509538369929108725e+00
4.508759024068723420e+00
4.433685670419954761e+00
4.430673625877658672e+00
4.428612738928619841e+00
4.427104709396260773e+00
4.425948327472779553e+00
4.425030718028194698e+00
4.424282801520205588e+00
4.347224756112210819e+00
4.344313975589638943e+00
4.342329889636411089e+00
4.340880406745707631e+00
4.339770088765645184e+00
4.338889559783624783e+00
4.338172377912696831e+00
4.259091568615691159e+00
4.256259861326618044e+00
4.254338672277197198e+00
4.252940381079940657e+00
4.251871562294394558e+00
4.251025087504791244e+00
4.250336283347887267e+00
