0.000000000000000000e+00
5.598256221450993025e-02
1.009025210737335698e-01
1.416479154316686029e-01
1.803442055924528442e-01
2.179093390434060362e-01
2.548083683964635360e-01
2.912959342556902254e-01
3.275142656889207804e-01
3.635393143487022360e-01
3.994050585833613942e-01
4.351175088588595252e-01
4.706634161894625024e-01
5.060160623712952610e-01
5.411393463940955550e-01
5.759908216331892650e-01
6.105240514515857253e-01
6.446904959460407758e-01
6.784410555994638825e-01
7.117273474480367845e-01
7.445027601026107389e-01
7.767233169959464334e-01
8.083483677029610348e-01
8.393411222170396035e-01
8.696690408704570441e-01
8.993040920041411868e-01
9.282228897542528223e-01
9.564067249180356889e-01
9.838415024537106035e-01
1.010517599552146040e+00
1.036429658280856092e+00
1.061576326504055645e+00
1.085959960137865776e+00
1.109586298853646458e+00
1.132464126161583984e+00
1.154604923466683308e+00
1.176022526265743329e+00
1.196732789215767756e+00
1.216753265410069895e+00
1.236102903893837812e+00
1.254801768268824835e+00
1.272870778197369823e+00
1.290331474728479311e+00
1.307205809633631421e+00
1.323515958350785171e+00
1.339284155680471766e+00
1.354532553043354959e+00
1.369283095878327750e+00
1.383557419617707174e+00
1.397376762605593736e+00
1.410761894312316800e+00
1.423733057228920851e+00
1.436309920889411007e+00
1.448511546555247609e+00
1.460356361198315245e+00
1.471862139528811175e+00
1.483045992928109680e+00
1.493924364259763937e+00
1.504513027641553258e+00
1.514827092365844674e+00
1.524881010253194891e+00
1.534688585814265593e+00
1.544262988677419290e+00
1.553616767813737143e+00
1.562761867157846707e+00
1.571709642282203223e+00
1.580470877834795562e+00
1.589055805496147666e+00
1.597474122251517414e+00
1.605735008808899744e+00
1.613847148023376699e+00
1.621818743214024305e+00
1.629657536281494901e+00
1.637370825552979747e+00
1.644965483296949804e+00
1.652447972863244852e+00
1.659824365415065062e+00
1.667100356228538693e+00
1.674281280543038930e+00
1.681372128951559741e+00
1.688377562325438230e+00
1.695301926271701509e+00
1.702149265124497823e+00
1.708923335474562766e+00
1.715627619242601654e+00
1.722265336303934857e+00
1.728839456672842001e+00
1.735352712255823437e+00
1.741807608183544298e+00
1.748206433731569698e+00
1.754551272840213061e+00
1.760844014243901023e+00
1.767086361220472579e+00
1.773279840970772625e+00
1.779425813638812581e+00
1.785525480982644186e+00
1.791579894705961129e+00
1.797589964460303502e+00
1.803556465527596631e+00
1.809480046192614822e+00
1.815361234814841129e+00
1.821200446609062329e+00
1.826997990143930384e+00
1.832754073567621322e+00
1.838468810569619638e+00
1.844142226087577718e+00
1.849774261768110994e+00
1.855364781190312007e+00
1.860913574860693753e+00
1.866420364988194969e+00
1.871884810047804271e+00
1.877306509141283719e+00
1.882685006163386410e+00
1.888019793781880784e+00
1.893310317239597529e+00
1.898555977986618126e+00
1.903756137150613759e+00
1.908910118853232474e+00
1.914017213380304172e+00
1.919076680213504860e+00
1.924087750930977281e+00
1.929049631984259827e+00
1.933961507358709975e+00
1.938822541124450405e+00
1.943631879884685887e+00
1.948388655128057145e+00
1.953091985491509197e+00
1.957740978939956245e+00
1.962334734868817820e+00
1.966872346135296823e+00
1.971352901024050475e+00
1.975775485152690081e+00
1.980139183322315866e+00
1.984443081318068902e+00
1.988686267664445229e+00
1.992867835339883209e+00
1.996986883454894057e+00
2.001042518897762523e+00
2.005033857951599607e+00
2.008960027886277366e+00
2.012820168528532072e+00
2.016613433813256417e+00
2.020338993318761656e+00
2.023996033788514559e+00
2.027583760641610500e+00
2.031101399473972613e+00
2.034548197552001891e+00
2.037923425300147695e+00
2.041226377783585733e+00
2.044456376186940094e+00
2.047612769289694157e+00
2.050694934938686043e+00
2.053702281517793438e+00
2.056634249414655891e+00
2.059490312483994945e+00
2.062269979506834439e+00
2.064972795644643089e+00
2.067598343887154577e+00
2.070146246492356124e+00
2.072616166416866523e+00
2.075007808734673720e+00
2.077320922041939077e+00
2.079555299845333494e+00
2.081710781931126686e+00
2.083787255712021391e+00
2.085784657548499066e+00
2.087702974041237614e+00
2.089542243290960499e+00
2.091302556121898526e+00
2.092984057264867470e+00
2.094586946495831103e+00
2.096111479725673465e+00
2.097557970036796338e+00
2.098926788662077048e+00
2.100218365901640460e+00
2.101433191972867487e+00
2.102571817789034903e+00
2.103634855661994152e+00
2.104622979924327897e+00
2.105536927466479913e+00
2.106377498184444530e+00
2.107145555333709286e+00
2.107842025785291895e+00
2.108467900179867627e+00
2.109024232976186131e+00
2.109512142390178813e+00
2.109932810221406108e+00
2.110287481563752010e+00
2.110577464397545899e+00
2.110804129060601220e+00
2.110968907595965227e+00
2.111073292974509741e+00
2.111118838190829461e+00
2.111107155231271459e+00
2.111039913913271615e+00
2.110918840595546797e+00
2.110745716759052204e+00
2.110522377458997401e+00
2.110250709648571643e+00
2.109932650375411889e+00
2.109570184852205710e+00
2.109165344403195697e+00
2.108720204288701439e+00
2.108236881410137542e+00
2.107717531898353869e+00
2.107164348588463021e+00
2.106579558384672257e+00
2.105965419518948778e+00
2.105324218707698591e+00
2.104658268210946925e+00
2.103969902798838554e+00
2.103261476630585936e+00
2.102535360051318136e+00
2.101793936312592592e+00
2.101039598222643079e+00
2.100274744732750776e+00
2.099501777466444175e+00
2.098723097198526233e+00
2.097941100291259797e+00
2.097158175095323429e+00
2.096376698323477061e+00
2.095599031405155799e+00
2.094827516830507275e+00
2.094064474492676631e+00
2.093312198037398986e+00
2.092572951229220823e+00
2.091848964343903994e+00
2.091142430596776514e+00
2.090455502616984873e+00
2.089790288977749100e+00
2.089148850792849732e+00
2.088533198389652235e+00
2.087945288069011696e+00
2.087387018962397978e+00
2.086860229996507332e+00
2.086366696975528789e+00
2.085908129791042676e+00
2.085486169769308784e+00
2.085102387165396642e+00
2.084758278813252819e+00
2.084455265940377888e+00
2.084194692155283413e+00
2.083977821615354387e+00
2.083805837382121329e+00
2.083679839970252967e+00
2.083600846095861048e+00
2.083569787628896108e+00
2.083587510753583061e+00
2.083654775339946585e+00
2.083772254528555745e+00
2.083940534529656219e+00
2.084160114636870453e+00
2.084431407454654384e+00
2.084754739337676632e+00
2.085130351039286012e+00
2.085558398565223737e+00
2.086038954227755760e+00
2.086572007894431646e+00
2.087157468424756246e+00
2.087795165287170018e+00
2.088484850347898103e+00
2.089226199822446617e+00
2.090018816379807909e+00
2.090862231388790793e+00
2.091755907295315353e+00
2.092699240119015869e+00
2.093691562057090394e+00
2.094732144182997136e+00
2.095820199227370839e+00
2.096954884428365418e+00
2.098135304438581095e+00
2.099360514275735667e+00
2.100629522304366503e+00
2.101941293236022190e+00
2.103294751135680762e+00
2.104688782422463156e+00
2.106122238853130213e+00
2.107593940477318739e+00
2.109102678554010346e+00
2.110647218419306803e+00
2.112226302296216218e+00
2.113838652037827615e+00
2.115482971795942913e+00
2.117157950607963635e+00
2.118862264895573055e+00
2.120594580869503254e+00
2.122353556835434141e+00
2.124137845396829150e+00
2.125946095551254356e+00
2.127776954677463639e+00
2.129629070411247937e+00
2.131501092408733200e+00
2.133391673996481330e+00
2.135299473708371476e+00
2.137223156709847860e+00
2.139161396110667024e+00
2.141112874167814706e+00
2.143076283380726199e+00
2.145050327481394792e+00
2.147033722322344129e+00
2.149025196665792059e+00
2.151023492877649268e+00
2.153027367530257585e+00
2.155035591918009086e+00
2.157046952490171865e+00
2.159060251205393577e+00
2.161074305812482166e+00
2.163087950062129394e+00
2.165100033854300055e+00
2.167109423326021744e+00
2.169115000884314526e+00
2.171115665188944721e+00
2.173110331089657343e+00
2.175097929522440854e+00
2.177077407369309547e+00
2.179047727285954306e+00
2.181007867501517872e+00
2.182956821594597141e+00
2.184893598249450175e+00
2.186817220996227107e+00
2.188726727938905547e+00
2.190621171474443241e+00
2.192499618006514606e+00
2.194361147657041045e+00
2.196204853978562799e+00
2.198029843670362915e+00
2.199835236301089125e+00
2.201620164040486660e+00
2.203383771402715130e+00
2.205125215003584493e+00
2.206843663333919459e+00
2.208538296551145752e+00
2.210208306291070013e+00
2.211852895501723371e+00
2.213471278301035738e+00
2.215062679860011485e+00
2.216626336312993217e+00
2.218161494696515135e+00
2.219667412918172378e+00
2.221143359756860836e+00
2.222588614895676162e+00
2.224002468988697689e+00
2.225384223762825187e+00
2.226733192155772478e+00
2.228048698491282398e+00
2.229330078692555617e+00
2.230576680534845480e+00
2.231787863938113681e+00
2.232963001300579897e+00
2.234101477873948305e+00
2.235202692181026407e+00
2.236266056476388098e+00
2.237290997250655611e+00
2.238276955778902622e+00
2.239223388713593277e+00
2.240129768722368020e+00
2.240995585170901361e+00
2.241820344850919522e+00
2.242603572753360641e+00
2.243344812886510109e+00
2.244043629138796181e+00
2.244699606185771135e+00
2.245312350440621163e+00
2.245881491047359013e+00
2.246406680915646437e+00
2.246887597795975022e+00
2.247323945393694622e+00
2.247715454520133882e+00
2.248061884278788281e+00
2.248363023284279727e+00
2.248618690911493356e+00
2.248828738572007602e+00
2.248993051014607225e+00
2.249111547646357234e+00
2.249184183870386544e+00
2.249210952436184741e+00
2.249191884797893337e+00
2.249127052475717647e+00
2.249016568415259432e+00
2.248860588339226307e+00
2.248659312085656392e+00
2.248412984926464908e+00
2.248121898859833490e+00
2.247786393869654731e+00
2.247406859144994495e+00
2.246983734252270271e+00
2.246517510252642680e+00
2.246008730756911209e+00
2.245457992910061762e+00
2.244865948297483982e+00
2.244233303764799459e+00
2.243560822143204625e+00
2.242849322872229045e+00
2.242099682511876857e+00
2.241312835136203940e+00
2.240489772600554819e+00
2.239631544674874686e+00
2.238739259035777085e+00
2.237814081110366615e+00
2.236857233765177977e+00
2.235869996834020768e+00
2.234853706479003943e+00
2.233809754379535217e+00
2.232739586744694193e+00
2.231644703145000630e+00
2.230526655160301353e+00
2.229387044841224075e+00
2.228227522982438646e+00
2.227049787206778486e+00
2.225855579860147149e+00
2.224646685718029371e+00
2.223424929505349201e+00
2.222192173232387269e+00
2.220950313350434691e+00
2.219701277731864764e+00
2.218447022480311670e+00
2.217189528577658386e+00
2.215930798375557398e+00
2.214672851940207021e+00
2.213417723260123537e+00
2.212167456327611248e+00
2.210924101105598893e+00
2.209689709392427925e+00
2.208466330598059635e+00
2.207256007446007473e+00
2.206060771616067395e+00
2.204882639343646478e+00
2.203723606992125550e+00
2.202585646615263126e+00
2.201470701527122653e+00
2.200380681897399882e+00
2.199317460390306955e+00
2.198282867865360757e+00
2.197278689158499887e+00
2.196306658961891589e+00
2.195368457820660701e+00
2.194465708264458748e+00
2.193599971091406253e+00
2.192772741821395588e+00
2.191985447335093706e+00
2.191239442714199459e+00
2.190536008297620185e+00
2.189876346967203347e+00
2.189261581675552737e+00
2.188692753227218901e+00
2.188170818323238898e+00
2.187696647877587885e+00
2.187271025612630204e+00
2.186894646939108622e+00
2.186568118124615268e+00
2.186291955752851734e+00
2.186066586474338713e+00
2.185892347047561302e+00
2.185769484667878348e+00
2.185698157579885059e+00
2.185678435967318034e+00
2.185710303113029163e+00
2.185793656820062658e+00
2.185928311083465303e+00
2.186113998001117498e+00
2.186350369910655012e+00
2.186637001738430452e+00
2.186973393545470046e+00
2.187358973254501571e+00
2.187793099541397002e+00
2.188275064873768994e+00
2.188804098678998056e+00
2.189379370623645293e+00
2.189999993986025295e+00
2.190665029103675998e+00
2.191373486877553400e+00
2.192124332315001922e+00
2.192916488093918481e+00
2.193748838130972434e+00
2.194620231137348831e+00
2.195529484146149457e+00
2.196475385996360608e+00
2.197456700759150561e+00
2.198472171093185157e+00
2.199520521516630023e+00
2.200600461584536927e+00
2.201710688961377560e+00
2.202849892379586283e+00
2.204016754476066264e+00
2.205209954499735225e+00
2.206428170884282558e+00
2.207670083681402939e+00
2.208934376850828496e+00
2.210219740404524735e+00
2.211524872403394681e+00
2.212848480805793994e+00
2.214189285168053356e+00
2.215546018198040201e+00
2.216917427163585419e+00
2.218302275158309467e+00
2.219699342228045325e+00
2.221107426361648152e+00
2.222525344350501975e+00
2.223951932521500030e+00
2.225386047348667073e+00
2.226826565948929471e+00
